1000 1000
64
1
Resources/Images/Tiles/basic.png
0 0 0 0 0 0 0 1 1  0 0
| 0 1 0 0 0 0 0 0 0 _
| 0 1 0 0 0 0 0 0 0 _
| 0 2 0 0 0 0 0 0 0 _
| 0 2 0 0 0 0 0 0 0 _
| 0 3 0 0 0 0 0 0 0 _
| 0 3 0 0 0 0 0 0 0 _
| 0 4 0 128 192 0 0 0 0 _
| 0 5 0 64 192 0 0 0 0 _
| 0 5 0 64 192 0 0 0 0 _
| 0 6 0 0 0 0 0 0 0 _
| 0 6 0 0 0 0 0 0 0 _
| 0 6 0 256 0 0 0 0 0 _
| 0 7 0 0 0 0 0 0 0 _
| 0 7 0 0 0 0 0 0 0 _
| 0 8 0 0 0 0 0 0 0 _
| 0 8 0 0 0 0 0 0 0 _
| 0 8 0 0 0 0 0 0 0 _
| 0 9 0 0 0 0 0 0 0 _
| 0 9 0 0 0 0 0 0 0 _
| 0 10 0 384 64 0 0 0 0 _
| 0 11 0 0 0 0 0 0 0 _
| 0 11 0 0 0 0 0 0 0 _
| 0 11 0 0 0 0 0 0 0 _
| 1 0 0 0 0 0 0 0 0 _
| 1 0 0 0 0 0 0 0 0 _
| 1 0 0 0 0 0 0 0 0 _
| 1 1 0 0 0 0 0 0 0 _
| 1 1 0 0 0 0 0 0 0 _
| 1 1 0 256 128 0 0 0 0 _
| 1 2 0 0 0 0 0 0 0 _
| 1 3 0 0 0 0 0 0 0 _
| 1 3 0 0 0 0 0 0 0 _
| 1 4 0 128 192 0 0 0 0 _
| 1 4 0 128 192 0 0 0 0 _
| 1 4 0 128 192 0 0 0 0 _
| 1 5 0 64 192 0 0 0 0 _
| 1 5 0 64 192 0 0 0 0 _
| 1 5 0 64 192 0 0 0 0 _
| 1 5 0 64 192 0 0 0 0 _
| 1 5 0 64 192 0 0 0 0 _
| 1 6 0 0 0 0 0 0 0 _
| 1 7 0 0 0 0 0 0 0 _
| 1 7 0 0 0 0 0 0 0 _
| 1 7 0 0 0 0 0 0 0 _
| 1 7 0 0 0 0 0 0 0 _
| 1 7 0 0 0 0 0 0 0 _
| 1 8 0 0 0 0 0 0 0 _
| 1 8 0 0 0 0 0 0 0 _
| 1 9 0 64 0 0 0 0 0 _
| 1 10 0 384 64 0 0 0 0 _
| 1 11 0 0 0 0 0 0 0 _
| 1 11 0 0 0 0 0 0 0 _
| 1 11 0 0 0 0 0 0 0 _
| 2 0 0 0 0 0 0 0 0 _
| 2 1 0 0 0 0 0 0 0 _
| 2 1 0 0 0 0 0 0 0 _
| 2 1 0 0 0 0 0 0 0 _
| 2 1 0 0 0 0 0 0 0 _
| 2 2 0 64 0 0 0 0 0 _
| 2 3 0 0 0 0 0 0 0 _
| 2 4 0 128 192 0 0 0 0 _
| 2 4 0 128 192 0 0 0 0 _
| 2 4 0 128 192 0 0 0 0 _
| 2 5 0 64 192 0 0 0 0 _
| 2 5 0 64 192 0 0 0 0 _
| 2 6 0 0 0 0 0 0 0 _
| 2 7 0 0 0 0 0 0 0 _
| 2 8 0 0 0 0 0 0 0 _
| 2 9 0 0 0 0 0 0 0 _
| 2 9 0 0 0 0 0 0 0 _
| 2 10 0 384 64 0 0 0 0 _
| 2 11 0 0 0 0 0 0 0 _
| 2 11 0 0 0 0 0 0 0 _
| 2 11 0 0 0 0 0 0 0 _
| 2 11 0 0 0 0 0 0 0 _
| 3 0 0 0 0 0 0 0 0 _
| 3 0 0 0 0 0 0 0 0 _
| 3 1 0 0 0 0 0 0 0 _
| 3 1 0 0 0 0 0 0 0 _
| 3 2 0 0 0 0 0 0 0 _
| 3 2 0 0 0 0 0 0 0 _
| 3 2 0 0 0 0 0 0 0 _
| 3 2 0 0 0 0 0 0 0 _
| 3 3 0 0 0 0 0 0 0 _
| 3 4 0 128 192 0 0 0 0 _
| 3 4 0 128 192 0 0 0 0 _
| 3 5 0 64 192 0 0 0 0 _
| 3 5 0 64 192 0 0 0 0 _
| 3 5 0 64 192 0 0 0 0 _
| 3 6 0 0 0 0 0 0 0 _
| 3 6 0 0 0 0 0 0 0 _
| 3 7 0 0 0 0 0 0 0 _
| 3 7 0 0 0 0 0 0 0 _
| 3 8 0 0 0 0 0 0 0 _
| 3 8 0 0 0 0 0 0 0 _
| 3 9 0 0 0 0 0 0 0 _
| 3 9 0 0 0 0 0 0 0 _
| 3 10 0 384 64 0 0 0 0 _
| 3 11 0 0 0 0 0 0 0 _
| 4 0 0 0 0 0 0 0 0 _
| 4 1 0 0 0 0 0 0 0 _
| 4 2 0 0 0 0 0 0 0 _
| 4 2 0 0 0 0 0 0 0 _
| 4 2 0 0 0 0 0 0 0 _
| 4 2 0 0 0 0 0 0 0 _
| 4 2 0 0 0 0 0 0 0 _
| 4 3 0 0 0 0 0 0 0 _
| 4 3 0 0 0 0 0 0 0 _
| 4 3 0 0 0 0 0 0 0 _
| 4 4 0 128 192 0 0 0 0 _
| 4 4 0 128 192 0 0 0 0 _
| 4 5 0 64 192 0 0 0 0 _
| 4 5 0 64 192 0 0 0 0 _
| 4 5 0 64 192 0 0 0 0 _
| 4 6 0 0 0 0 0 0 0 _
| 4 7 0 0 0 0 0 0 0 _
| 4 7 0 0 0 0 0 0 0 _
| 4 8 0 0 0 0 0 0 0 _
| 4 9 0 0 0 0 0 0 0 _
| 4 10 0 384 64 0 0 0 0 _
| 4 10 0 384 64 0 0 0 0 _
| 4 11 0 0 0 0 0 0 0 _
| 4 11 0 0 0 0 0 0 0 _
| 4 11 0 0 0 0 0 0 0 _
| 4 11 0 0 0 0 0 0 0 _
| 4 11 0 0 0 0 0 0 0 _
| 4 11 0 0 0 0 0 0 0 _
| 4 11 0 0 0 0 0 0 0 _
| 5 0 0 0 0 0 0 0 0 _
| 5 1 0 0 0 0 0 0 0 _
| 5 2 0 0 0 0 0 0 0 _
| 5 2 0 0 0 0 0 0 0 _
| 5 3 0 0 0 0 0 0 0 _
| 5 3 0 0 0 0 0 0 0 _
| 5 4 0 128 192 0 0 0 0 _
| 5 4 0 128 192 0 0 0 0 _
| 5 5 0 64 192 0 0 0 0 _
| 5 5 0 64 192 0 0 0 0 _
| 5 5 0 64 192 0 0 0 0 _
| 5 5 0 64 192 0 0 0 0 _
| 5 6 0 0 0 0 0 0 0 _
| 5 6 0 0 0 0 0 0 0 _
| 5 6 0 0 0 0 0 0 0 _
| 5 6 0 0 0 0 0 0 0 _
| 5 6 0 0 0 0 0 0 0 _
| 5 7 0 0 0 0 0 0 0 _
| 5 8 0 0 0 0 0 0 0 _
| 5 9 0 0 0 0 0 0 0 _
| 5 9 0 0 0 0 0 0 0 _
| 5 10 0 384 64 0 0 0 0 _
| 5 11 0 0 0 0 0 0 0 _
| 5 11 0 0 0 0 0 0 0 _
| 6 0 0 0 0 0 0 0 0 _
| 6 1 0 64 0 0 0 0 0 _
| 6 2 0 0 0 0 0 0 0 _
| 6 2 0 0 0 0 0 0 0 _
| 6 3 0 0 0 0 0 0 0 _
| 6 4 0 128 192 0 0 0 0 _
| 6 4 0 128 192 0 0 0 0 _
| 6 5 0 64 192 0 0 0 0 _
| 6 6 0 0 0 0 0 0 0 _
| 6 6 0 0 0 0 0 0 0 _
| 6 7 0 0 0 0 0 0 0 _
| 6 7 0 128 128 0 0 0 0 _
| 6 8 0 0 0 0 0 0 0 _
| 6 8 0 0 0 0 0 0 0 _
| 6 9 0 0 0 0 0 0 0 _
| 6 10 0 0 0 0 0 0 0 _
| 6 10 0 384 64 0 0 0 0 _
| 6 10 0 384 64 0 0 0 0 _
| 6 11 0 0 0 0 0 0 0 _
| 6 11 0 0 0 0 0 0 0 _
| 6 11 0 0 0 0 0 0 0 _
| 7 0 0 0 0 0 0 0 0 _
| 7 0 0 0 0 0 0 0 0 _
| 7 1 0 0 0 0 0 0 0 _
| 7 2 0 0 0 0 0 0 0 _
| 7 3 0 0 0 0 0 0 0 _
| 7 4 0 128 192 0 0 0 0 _
| 7 4 0 128 192 0 0 0 0 _
| 7 4 0 128 192 0 0 0 0 _
| 7 5 0 64 192 0 0 0 0 _
| 7 6 0 0 0 0 0 0 0 _
| 7 6 0 0 0 0 0 0 0 _
| 7 7 0 0 0 0 0 0 0 _
| 7 7 0 0 0 0 0 0 0 _
| 7 8 0 0 0 0 0 0 0 _
| 7 8 0 0 0 0 0 0 0 _
| 7 9 0 0 0 0 0 0 0 _
| 7 9 0 0 0 0 0 0 0 _
| 7 10 0 384 64 0 0 0 0 _
| 7 11 0 0 0 0 0 0 0 _
| 7 11 0 0 0 0 0 0 0 _
| 8 0 0 0 0 0 0 0 0 _
| 8 0 0 0 0 0 0 0 0 _
| 8 1 0 0 0 0 0 0 0 _
| 8 2 0 0 0 0 0 0 0 _
| 8 3 0 0 0 0 0 0 0 _
| 8 3 0 0 0 0 0 0 0 _
| 8 4 0 0 0 0 0 0 0 _
| 8 4 0 64 128 0 0 0 0 _
| 8 5 0 64 192 0 0 0 0 _
| 8 6 0 0 0 0 0 0 0 _
| 8 7 0 0 0 0 0 0 0 _
| 8 7 0 0 0 0 0 0 0 _
| 8 8 0 0 0 0 0 0 0 _
| 8 8 0 0 0 0 0 0 0 _
| 8 8 0 0 0 0 0 0 0 _
| 8 8 0 0 0 0 0 0 0 _
| 8 9 0 64 0 0 0 0 0 _
| 8 10 0 384 64 0 0 0 0 _
| 8 11 0 0 0 0 0 0 0 _
| 8 11 0 0 0 0 0 0 0 _
| 8 11 0 0 0 0 0 0 0 _
| 9 0 0 0 0 0 0 0 0 _
| 9 0 0 0 0 0 0 0 0 _
| 9 1 0 0 0 0 0 0 0 _
| 9 2 0 0 0 0 0 0 0 _
| 9 3 0 0 0 0 0 0 0 _
| 9 4 0 0 0 0 0 0 0 _
| 9 5 0 0 0 0 0 0 0 _
| 9 6 0 0 0 0 0 0 0 _
| 9 7 0 0 0 0 0 0 0 _
| 9 8 0 0 0 0 0 0 0 _
| 9 8 0 0 0 0 0 0 0 _
| 9 8 0 0 0 0 0 0 0 _
| 9 9 0 0 0 0 0 0 0 _
| 9 9 0 0 0 0 0 0 0 _
| 9 9 0 0 0 0 0 0 0 _
| 9 9 0 0 0 0 0 0 0 _
| 9 9 0 0 0 0 0 0 0 _
| 9 9 0 0 0 0 0 0 0 _
| 9 10 0 384 64 0 0 0 0 _
| 9 10 0 384 64 0 0 0 0 _
| 9 11 0 0 0 0 0 0 0 _
| 9 11 0 0 0 0 0 0 0 _
| 9 11 0 0 0 0 0 0 0 _
| 10 0 0 0 0 0 0 0 0 _
| 10 1 0 0 0 0 0 0 0 _
| 10 2 0 0 0 0 0 0 0 _
| 10 3 0 0 0 0 0 0 0 _
| 10 4 0 0 0 0 0 0 0 _
| 10 5 0 192 0 0 2 1 1  ENETER_1
| 10 6 0 0 0 0 0 0 0 _
| 10 7 0 0 0 0 0 0 0 _
| 10 8 0 0 0 0 0 0 0 _
| 10 8 0 0 0 0 0 0 0 _
| 10 8 0 0 0 0 0 0 0 _
| 10 8 0 0 0 0 0 0 0 _
| 10 9 0 384 64 0 0 0 0 _
| 10 9 0 384 64 0 0 0 0 _
| 10 10 0 384 64 0 0 0 0 _
| 10 11 0 0 0 0 0 0 0 _
| 11 0 0 0 0 0 0 0 0 _
| 11 0 0 0 0 0 0 0 0 _
| 11 1 0 0 0 0 0 0 0 _
| 11 2 0 0 0 0 0 0 0 _
| 11 2 0 0 0 0 0 0 0 _
| 11 3 0 0 0 0 0 0 0 _
| 11 4 0 0 0 0 0 0 0 _
| 11 5 0 0 0 0 0 0 0 _
| 11 6 0 0 0 0 0 0 0 _
| 11 7 0 0 0 0 0 0 0 _
| 11 8 0 64 0 0 0 0 0 _
| 11 9 0 0 0 0 0 0 0 _
| 11 9 0 384 64 0 0 0 0 _
| 11 10 0 0 0 0 0 0 0 _
| 11 10 0 0 0 0 0 0 0 _
| 11 11 0 0 0 0 0 0 0 _
| 11 11 0 0 0 0 0 0 0 _
| 12 0 0 0 0 0 0 0 0 _
| 12 0 0 0 0 0 0 0 0 _
| 12 1 0 0 0 0 0 0 0 _
| 12 1 0 0 0 0 0 0 0 _
| 12 2 0 0 0 0 0 0 0 _
| 12 2 0 0 0 0 0 0 0 _
| 12 3 0 0 0 0 0 0 0 _
| 12 4 0 0 0 0 0 0 0 _
| 12 4 0 0 0 0 0 0 0 _
| 12 5 0 0 0 0 0 0 0 _
| 12 6 0 0 0 0 0 0 0 _
| 12 6 0 192 128 0 0 0 0 _
| 12 7 0 0 0 0 0 0 0 _
| 12 8 0 0 0 0 0 0 0 _
| 12 8 0 0 0 0 0 0 0 _
| 12 9 0 384 64 0 0 0 0 _
| 12 10 0 0 0 0 0 0 0 _
| 12 10 0 0 0 0 0 0 0 _
| 12 10 0 0 0 0 0 0 0 _
| 12 10 0 0 0 0 0 0 0 _
| 12 11 0 0 0 0 0 0 0 _
| 12 11 0 0 0 0 0 0 0 _
| 13 0 0 0 0 0 0 0 0 _
| 13 0 0 0 0 0 0 0 0 _
| 13 1 0 0 0 0 0 0 0 _
| 13 2 0 0 0 0 0 0 0 _
| 13 3 0 0 0 0 0 0 0 _
| 13 4 0 0 0 0 0 0 0 _
| 13 5 0 64 0 0 0 0 0 _
| 13 6 0 0 0 0 0 0 0 _
| 13 7 0 0 0 0 0 0 0 _
| 13 8 0 0 0 0 0 0 0 _
| 13 9 0 0 0 0 0 0 0 _
| 13 9 0 384 64 0 0 0 0 _
| 13 10 0 0 0 0 0 0 0 _
| 13 11 0 0 0 0 0 0 0 _
| 13 11 0 0 0 0 0 0 0 _
| 14 0 0 0 0 0 0 0 0 _
| 14 0 0 0 0 0 0 0 0 _
| 14 0 0 0 0 0 0 0 0 _
| 14 1 0 0 0 0 0 0 0 _
| 14 1 0 0 0 0 0 0 0 _
| 14 2 0 0 0 0 0 0 0 _
| 14 2 0 0 0 0 0 0 0 _
| 14 3 0 0 0 0 0 0 0 _
| 14 3 0 0 0 0 0 0 0 _
| 14 3 0 0 0 0 0 0 0 _
| 14 4 0 0 0 0 0 0 0 _
| 14 4 0 0 0 0 0 0 0 _
| 14 5 0 0 0 0 0 0 0 _
| 14 6 0 0 0 0 0 0 0 _
| 14 7 0 0 0 0 0 0 0 _
| 14 8 0 0 0 0 0 0 0 _
| 14 8 0 0 0 0 0 0 0 _
| 14 9 0 384 64 0 0 0 0 _
| 14 9 0 384 64 0 0 0 0 _
| 14 10 0 0 0 0 0 0 0 _
| 14 11 0 0 0 0 0 0 0 _
| 15 0 0 0 0 0 0 0 0 _
| 15 0 0 0 0 0 0 0 0 _
| 15 1 0 0 0 0 0 0 0 _
| 15 1 0 0 0 0 0 0 0 _
| 15 2 0 0 0 0 0 0 0 _
| 15 2 0 0 0 0 0 0 0 _
| 15 2 0 0 0 0 0 0 0 _
| 15 3 0 0 0 0 0 0 0 _
| 15 3 0 0 0 0 0 0 0 _
| 15 3 0 0 0 0 0 0 0 _
| 15 4 0 0 0 0 0 0 0 _
| 15 4 0 0 0 0 0 0 0 _
| 15 4 0 0 0 0 0 0 0 _
| 15 4 0 0 0 0 0 0 0 _
| 15 5 0 0 0 0 0 0 0 _
| 15 6 0 0 0 0 0 0 0 _
| 15 7 0 0 0 0 0 0 0 _
| 15 8 0 0 0 0 0 0 0 _
| 15 8 0 0 0 0 0 0 0 _
| 15 9 0 384 64 0 0 0 0 _
| 15 10 0 0 0 0 0 0 0 _
| 15 11 0 0 0 0 0 0 0 _
| 15 11 0 0 0 0 0 0 0 _
| 16 0 0 0 0 0 0 0 0 _
| 16 0 0 0 0 0 0 0 0 _
| 16 1 0 0 0 0 0 0 0 _
| 16 1 0 0 0 0 0 0 0 _
| 16 1 0 0 0 0 0 0 0 _
| 16 1 0 0 0 0 0 0 0 _
| 16 1 0 0 0 0 0 0 0 _
| 16 2 0 64 0 0 0 0 0 _
| 16 3 0 0 0 0 0 0 0 _
| 16 4 0 0 0 0 0 0 0 _
| 16 5 0 0 0 0 0 0 0 _
| 16 6 0 0 0 0 0 0 0 _
| 16 7 0 0 0 0 0 0 0 _
| 16 7 0 0 0 0 0 0 0 _
| 16 7 0 0 0 0 0 0 0 _
| 16 8 0 0 0 0 0 0 0 _
| 16 9 0 384 64 0 0 0 0 _
| 16 10 0 0 0 0 0 0 0 _
| 16 10 0 0 0 0 0 0 0 _
| 16 11 0 0 0 0 0 0 0 _
| 17 0 0 0 0 0 0 0 0 _
| 17 0 0 0 0 0 0 0 0 _
| 17 1 0 0 0 0 0 0 0 _
| 17 1 0 0 0 0 0 0 0 _
| 17 1 0 0 0 0 0 0 0 _
| 17 2 0 0 0 0 0 0 0 _
| 17 3 0 0 0 0 0 0 0 _
| 17 3 0 0 0 0 0 0 0 _
| 17 3 0 0 0 0 0 0 0 _
| 17 4 0 0 0 0 0 0 0 _
| 17 5 0 0 0 0 0 0 0 _
| 17 6 0 0 0 0 0 0 0 _
| 17 7 0 0 0 0 0 0 0 _
| 17 8 0 0 0 0 0 0 0 _
| 17 9 0 384 64 0 0 0 0 _
| 17 10 0 0 0 0 0 0 0 _
| 17 10 0 0 0 0 0 0 0 _
| 17 11 0 0 0 0 0 0 0 _
| 17 11 0 0 0 0 0 0 0 _
| 18 0 0 0 0 0 0 0 0 _
| 18 0 0 0 0 0 0 0 0 _
| 18 0 0 0 0 0 0 0 0 _
| 18 1 0 0 0 0 0 0 0 _
| 18 2 0 0 0 0 0 0 0 _
| 18 2 0 0 0 0 0 0 0 _
| 18 3 0 0 0 0 0 0 0 _
| 18 4 0 0 0 0 0 0 0 _
| 18 4 0 0 0 0 0 0 0 _
| 18 4 0 0 0 0 0 0 0 _
| 18 5 0 0 0 0 0 0 0 _
| 18 6 0 0 0 0 0 0 0 _
| 18 7 0 0 0 0 0 0 0 _
| 18 7 0 0 0 0 0 0 0 _
| 18 8 0 0 0 0 0 0 0 _
| 18 8 0 0 0 0 0 0 0 _
| 18 9 0 384 64 0 0 0 0 _
| 18 9 0 384 64 0 0 0 0 _
| 18 10 0 0 0 0 0 0 0 _
| 18 11 0 0 0 0 0 0 0 _
| 19 0 0 0 0 0 0 0 0 _
| 19 0 0 0 0 0 0 0 0 _
| 19 0 0 384 64 0 0 0 0 _
| 19 1 0 0 0 0 0 0 0 _
| 19 1 0 384 64 0 0 0 0 _
| 19 2 0 0 0 0 0 0 0 _
| 19 2 0 0 0 0 0 0 0 _
| 19 2 0 384 64 0 0 0 0 _
| 19 3 0 0 0 0 0 0 0 _
| 19 3 0 0 0 0 0 0 0 _
| 19 3 0 384 64 0 0 0 0 _
| 19 4 0 0 0 0 0 0 0 _
| 19 4 0 384 64 0 0 0 0 _
| 19 5 0 384 64 0 0 0 0 _
| 19 6 0 384 64 0 0 0 0 _
| 19 7 0 384 64 0 0 0 0 _
| 19 8 0 384 64 0 0 0 0 _
| 19 9 0 0 0 0 0 0 0 _
| 19 9 0 0 0 0 0 0 0 _
| 19 9 0 384 64 0 0 0 0 _
| 19 10 0 0 0 0 0 0 0 _
| 19 10 0 0 0 0 0 0 0 _
| 19 10 0 0 0 0 0 0 0 _
| 19 11 0 0 0 0 0 0 0 _
| 19 11 0 0 0 0 0 0 0 _
| 19 11 0 0 0 0 0 0 0 _
| 20 0 0 0 0 0 0 0 0 _
| 20 0 0 0 0 0 0 0 0 _
| 20 0 0 0 0 0 0 0 0 _
| 20 1 0 0 0 0 0 0 0 _
| 20 1 0 0 0 0 0 0 0 _
| 20 1 0 0 0 0 0 0 0 _
| 20 2 0 0 0 0 0 0 0 _
| 20 2 0 0 0 0 0 0 0 _
| 20 2 0 0 0 0 0 0 0 _
| 20 3 0 0 0 0 0 0 0 _
| 20 3 0 0 0 0 0 0 0 _
| 20 3 0 0 0 0 0 0 0 _
| 20 4 0 0 0 0 0 0 0 _
| 20 5 0 0 0 0 0 0 0 _
| 20 5 0 0 0 0 0 0 0 _
| 20 5 0 0 0 0 0 0 0 _
| 20 6 0 0 0 0 0 0 0 _
| 20 6 0 0 0 0 0 0 0 _
| 20 6 0 0 0 0 0 0 0 _
| 20 7 0 0 0 0 0 0 0 _
| 20 8 0 0 0 0 0 0 0 _
| 20 9 0 0 0 0 0 0 0 _
| 20 10 0 0 0 0 0 0 0 _
| 20 10 0 0 0 0 0 0 0 _
| 20 10 0 0 0 0 0 0 0 _
| 20 11 0 0 0 0 0 0 0 _
| 20 11 0 0 0 0 0 0 0 _
| 20 11 0 0 0 0 0 0 0 _
| 21 0 0 0 0 0 0 0 0 _
| 21 0 0 0 0 0 0 0 0 _
| 21 1 0 0 0 0 0 0 0 _
| 21 2 0 0 0 0 0 0 0 _
| 21 3 0 0 0 0 0 0 0 _
| 21 3 0 0 0 0 0 0 0 _
| 21 3 0 0 0 0 0 0 0 _
| 21 4 0 0 0 0 0 0 0 _
| 21 5 0 0 0 0 0 0 0 _
| 21 5 0 0 0 0 0 0 0 _
| 21 6 0 0 0 0 0 0 0 _
| 21 6 0 0 0 0 0 0 0 _
| 21 7 0 0 0 0 0 0 0 _
| 21 7 0 0 0 0 0 0 0 _
| 21 8 0 0 0 0 0 0 0 _
| 21 8 0 0 0 0 0 0 0 _
| 21 9 0 0 0 0 0 0 0 _
| 21 9 0 0 0 0 0 0 0 _
| 21 10 0 0 0 0 0 0 0 _
| 21 10 0 0 0 0 0 0 0 _
| 21 10 0 0 0 0 0 0 0 _
| 21 11 0 0 0 0 0 0 0 _
| 21 11 0 0 0 0 0 0 0 _
| 21 11 0 0 0 0 0 0 0 _
| 23 26 0 192 320 0 0 1 1 ENEMY
TYPE: UNDEAD
HP: 3d12
ATK: + 3d4 (2d6+1d4)
RESIST
IMMUN
SA INVISIBLE 4 R
SA FEAR 30,f dc 18 2d4 r
| 26 0 0 192 320 1 3 0 0 _
| 26 1 0 192 320 1 3 0 0 _
| 26 2 0 192 320 1 3 0 0 _
| 26 3 0 192 320 1 3 0 0 _
| 26 4 0 192 320 1 3 0 0 _
| 26 5 0 192 320 1 3 0 0 _
| 26 6 0 192 320 1 3 0 0 _
| 27 6 0 192 320 1 3 0 0 _
| 27 7 0 192 320 1 3 0 0 _
| 27 8 0 192 320 1 3 0 0 _
| 27 9 0 192 320 1 3 0 0 _
| 27 10 0 192 320 1 3 0 0 _
| 27 11 0 192 320 1 3 0 0 _
| 27 12 0 192 320 1 3 0 0 _
| 27 13 0 192 320 1 3 0 0 _
| 27 14 0 192 320 1 3 0 0 _
| 27 15 0 192 320 1 3 0 0 _
| 27 16 0 192 320 1 3 0 0 _
| 27 17 0 192 320 1 3 0 0 _
| 27 18 0 192 320 1 3 0 0 _
| 27 19 0 192 320 1 3 0 0 _
| 27 20 0 192 320 1 3 0 0 _
| 27 21 0 192 320 1 3 0 0 _
| 27 22 0 192 320 1 3 0 0 _
| 27 23 0 192 320 1 3 0 0 _
| 27 24 0 192 320 1 3 0 0 _
| 28 10 0 192 320 1 3 0 0 _
| 28 24 0 192 320 1 3 0 0 _
| 28 25 0 192 320 1 3 0 0 _
| 28 26 0 192 320 1 3 0 0 _
| 28 27 0 192 320 1 3 0 0 _
| 28 28 0 192 320 1 3 0 0 _
| 29 10 0 192 320 1 3 0 0 _
| 29 28 0 192 320 1 3 0 0 _
| 29 29 0 192 320 1 3 0 0 _
| 29 30 0 192 320 1 3 0 0 _
| 29 31 0 192 320 1 3 0 0 _
| 29 32 0 192 320 1 3 0 0 _
| 29 33 0 192 320 1 3 0 0 _
| 29 34 0 192 320 1 3 0 0 _
| 29 35 0 192 320 1 3 0 0 _
| 29 50 0 192 320 0 0 1 1 3d10 gp
1d4 random potion
sword +2
2d6 gems
scroll
| 30 10 0 192 320 1 3 0 0 _
| 30 11 0 192 320 1 3 0 0 _
| 30 12 0 192 0 1 3 0 0 _
| 30 13 0 192 0 1 3 0 0 _
| 30 14 0 192 0 1 3 0 0 _
| 30 15 0 192 0 1 3 0 0 _
| 30 16 0 192 0 1 3 0 0 _
| 30 16 0 192 0 1 3 0 0 _
| 30 16 0 192 0 1 3 0 0 _
| 30 35 0 192 320 1 3 0 0 _
| 31 12 0 192 0 1 3 0 0 _
| 31 12 0 192 0 1 3 0 0 _
| 31 13 0 192 0 1 3 0 0 _
| 31 14 0 192 0 1 3 0 0 _
| 31 14 0 192 0 1 3 0 0 _
| 31 15 0 192 0 1 3 0 0 _
| 31 15 0 192 0 1 3 0 0 _
| 31 16 0 192 0 1 3 0 0 _
| 31 16 0 192 0 1 3 0 0 _
| 31 25 0 192 0 0 0 0 0 _
| 31 26 0 192 0 0 0 0 0 _
| 31 27 0 192 0 0 0 0 0 _
| 31 28 0 192 0 0 0 0 0 _
| 31 29 0 192 0 0 0 0 0 _
| 31 30 0 192 0 1 2 1 1  DOOR
| 31 31 0 192 0 1 7 0 0 _
| 31 32 0 192 0 1 7 0 0 _
| 31 35 0 192 320 1 3 0 0 _
| 31 51 0 384 64 0 0 1 1 | 32 10 0 192 0 1 5 0 0 _
| 32 11 0 192 0 1 5 0 0 _
| 32 12 0 192 0 0 0 0 0 _
| 32 13 0 192 0 0 0 0 0 _
| 32 14 0 192 0 0 0 0 0 _
| 32 15 0 192 0 0 0 0 0 _
| 32 16 0 192 0 0 0 0 0 _
| 32 25 0 192 0 0 0 0 0 _
| 32 26 0 192 0 0 0 0 0 _
| 32 27 0 192 0 0 0 0 0 _
| 32 28 0 192 0 0 0 0 0 _
| 32 29 0 192 0 0 0 0 0 _
| 32 30 0 192 0 1 7 0 0 _
| 32 31 0 192 0 1 7 0 0 _
| 32 32 0 192 0 1 7 0 0 _
| 32 35 0 192 320 1 3 0 0 _
| 32 50 0 384 64 0 0 0 1 _
| 32 51 0 384 64 0 0 0 1 _
| 33 10 0 192 0 1 5 0 0 _
| 33 11 0 192 0 1 2 1 1  DOOR
| 33 12 0 192 0 0 0 0 0 _
| 33 13 0 192 0 0 0 0 0 _
| 33 14 0 192 0 0 0 0 0 _
| 33 15 0 192 0 0 0 0 0 _
| 33 16 0 192 0 0 0 0 0 _
| 33 25 0 192 0 0 0 0 0 _
| 33 26 0 192 0 0 0 0 0 _
| 33 27 0 192 0 0 0 0 0 _
| 33 28 0 192 0 0 0 0 0 _
| 33 29 0 192 0 0 0 0 0 _
| 33 35 0 192 320 1 3 0 0 _
| 33 36 0 192 320 1 3 0 0 _
| 33 37 0 192 320 1 3 0 0 _
| 33 38 0 192 320 1 3 0 0 _
| 33 39 0 192 320 1 3 0 0 _
| 33 40 0 192 320 1 3 0 0 _
| 33 41 0 192 320 1 3 0 0 _
| 33 42 0 192 320 1 3 0 0 _
| 33 49 0 384 64 0 0 0 1 _
| 33 50 0 384 64 0 4 1 1  TREASE
| 34 10 0 192 0 1 5 0 0 _
| 34 11 0 192 0 1 5 0 0 _
| 34 12 0 192 0 0 0 0 0 _
| 34 13 0 192 0 0 0 0 0 _
| 34 14 0 192 0 0 0 0 0 _
| 34 15 0 192 0 0 0 0 0 _
| 34 16 0 192 0 0 0 0 0 _
| 34 17 0 192 0 0 0 0 0 _
| 34 18 0 192 0 0 0 0 0 _
| 34 19 0 192 0 0 0 0 1 _
| 34 20 0 192 0 0 0 0 0 _
| 34 21 0 192 0 0 0 0 0 _
| 34 22 0 192 0 0 0 0 0 _
| 34 23 0 192 0 0 7 1 1  TRAP
| 34 24 0 192 0 0 0 0 0 _
| 34 25 0 192 0 0 0 0 0 _
| 34 26 0 192 0 0 0 0 0 _
| 34 27 0 192 0 0 0 0 0 _
| 34 28 0 192 0 0 0 0 0 _
| 34 29 0 192 0 0 0 0 0 _
| 34 35 0 192 320 1 3 0 0 _
| 34 49 0 384 64 0 0 1 1 | 34 50 0 384 64 0 0 0 1 _
| 34 51 0 384 64 0 0 0 1 _
| 34 52 0 384 64 0 0 0 1 _
| 35 10 0 192 0 1 5 0 0 _
| 35 11 0 192 0 1 5 0 0 _
| 35 12 0 192 0 0 0 0 0 _
| 35 13 0 192 0 0 0 0 0 _
| 35 14 0 192 0 0 0 0 0 _
| 35 15 0 192 0 0 0 0 0 _
| 35 16 0 192 0 0 0 0 0 _
| 35 19 0 192 0 0 0 0 0 _
| 35 22 0 192 0 0 0 0 0 _
| 35 25 0 192 0 0 0 0 0 _
| 35 26 0 192 0 0 1 1 1  enemy
| 35 27 0 192 0 0 0 0 0 _
| 35 28 0 192 0 0 0 0 0 _
| 35 29 0 192 0 0 0 0 0 _
| 35 35 0 192 320 1 3 0 0 _
| 35 50 0 384 64 0 0 0 1 _
| 35 51 0 384 64 0 0 0 1 _
| 36 10 0 192 0 1 5 0 0 _
| 36 11 0 192 0 1 5 0 0 _
| 36 12 0 192 0 0 0 0 0 _
| 36 13 0 192 0 0 0 0 0 _
| 36 14 0 192 0 0 0 0 0 _
| 36 15 0 192 0 0 0 0 0 _
| 36 16 0 192 0 0 0 0 0 _
| 36 19 0 192 0 0 0 0 0 _
| 36 22 0 192 0 0 0 0 0 _
| 36 25 0 192 0 0 0 0 0 _
| 36 26 0 192 0 0 0 0 0 _
| 36 27 0 192 0 0 0 0 0 _
| 36 27 0 192 0 0 0 0 0 _
| 36 28 0 192 0 0 0 0 0 _
| 36 29 0 192 0 0 0 0 0 _
| 36 35 0 192 320 1 3 0 0 _
| 36 44 0 384 64 0 0 0 1 _
| 36 50 0 384 64 0 0 0 1 _
| 37 16 0 192 0 1 0 0 0 _
| 37 19 0 192 0 0 0 0 0 _
| 37 20 0 192 0 0 0 0 0 _
| 37 21 0 192 0 0 0 0 0 _
| 37 22 0 192 0 0 0 0 0 _
| 37 28 0 192 0 1 0 0 0 _
| 37 35 0 192 320 1 3 0 0 _
| 37 36 0 192 320 1 3 0 0 _
| 37 37 0 192 320 1 3 0 0 _
| 37 44 0 384 64 0 0 0 1 _
| 37 45 0 384 64 0 0 0 1 _
| 37 46 0 384 64 0 0 0 1 _
| 37 50 0 384 64 0 0 0 1 _
| 38 16 0 192 0 1 0 0 0 _
| 38 22 0 192 0 0 0 0 0 _
| 38 28 0 192 0 1 0 0 0 _
| 38 37 0 192 320 1 3 0 0 _
| 38 38 0 192 320 1 3 0 0 _
| 38 46 0 384 64 0 0 0 1 _
| 38 47 0 384 64 0 0 0 1 _
| 38 50 0 384 64 0 0 0 1 _
| 39 13 0 192 0 1 0 0 0 _
| 39 14 0 192 0 1 0 0 0 _
| 39 15 0 192 0 1 0 0 0 _
| 39 16 0 192 0 1 0 0 0 _
| 39 22 0 192 0 0 2 1 1 | 39 28 0 192 0 1 0 0 0 _
| 39 38 0 192 320 1 3 0 0 _
| 39 46 0 384 64 0 0 0 1 _
| 39 48 0 384 64 0 0 0 1 _
| 39 49 0 384 64 0 0 0 1 _
| 39 50 0 384 64 0 0 0 1 _
| 40 13 0 192 0 1 0 0 0 _
| 40 14 0 192 0 1 0 0 0 _
| 40 15 0 192 0 1 0 0 0 _
| 40 16 0 192 0 1 0 0 0 _
| 40 28 0 192 0 0 7 1 1  TRAP
| 40 38 0 192 320 1 3 0 0 _
| 40 46 0 384 64 0 0 0 1 _
| 40 47 0 384 64 0 0 0 1 _
| 40 48 0 384 64 0 0 0 1 _
| 41 16 0 192 0 1 0 0 0 _
| 41 28 0 192 0 0 7 1 1  TRAP
| 41 38 0 192 320 1 3 0 0 _
| 41 39 0 192 320 1 3 0 0 _
| 41 40 0 192 320 1 3 0 0 _
| 41 46 0 384 64 0 0 0 1 _
| 41 47 0 384 64 0 0 0 1 _
| 42 16 0 192 0 1 0 0 0 _
| 42 28 0 192 0 1 0 0 0 _
| 42 31 0 192 0 1 8 0 0 _
| 42 32 0 192 0 1 8 0 0 _
| 42 33 0 192 0 1 8 0 0 _
| 42 34 0 192 0 1 8 0 0 _
| 42 35 0 192 0 1 8 0 0 _
| 42 36 0 192 0 1 8 0 0 _
| 42 37 0 192 0 1 6 0 0 _
| 42 38 0 64 64 1 3 0 0 _
| 42 39 0 384 64 0 0 0 1 _
| 42 45 0 384 64 0 0 0 1 _
| 42 46 0 384 64 0 0 0 1 _
| 42 47 0 384 64 0 0 0 1 _
| 43 12 0 192 0 1 0 0 0 _
| 43 13 0 192 0 1 0 0 0 _
| 43 14 0 192 0 1 0 0 0 _
| 43 15 0 192 0 1 0 0 0 _
| 43 16 0 192 0 1 0 0 0 _
| 43 24 0 192 0 1 1 0 0 _
| 43 26 0 192 0 1 1 0 0 _
| 43 28 0 192 0 1 0 0 0 _
| 43 31 0 192 0 1 8 0 0 _
| 43 32 0 192 0 1 8 0 0 _
| 43 33 0 192 0 1 8 0 0 _
| 43 34 0 192 0 1 8 0 0 _
| 43 35 0 192 0 1 8 0 0 _
| 43 36 0 192 0 1 8 0 0 _
| 43 37 0 192 0 1 6 0 0 _
| 43 38 0 192 0 1 6 0 0 _
| 43 39 0 384 64 0 0 0 1 _
| 43 40 0 384 64 0 0 0 1 _
| 43 41 0 320 64 0 0 0 1 _
| 43 44 0 384 64 0 0 0 1 _
| 43 45 0 384 64 0 0 0 1 _
| 43 46 0 384 64 0 0 0 1 _
| 44 12 0 192 0 1 0 0 0 _
| 44 13 0 192 0 1 0 0 0 _
| 44 14 0 192 0 1 0 0 0 _
| 44 15 0 192 0 1 0 0 0 _
| 44 16 0 192 0 1 0 0 0 _
| 44 23 0 192 0 1 0 0 0 _
| 44 24 0 192 0 1 0 0 0 _
| 44 25 0 192 0 1 0 0 0 _
| 44 26 0 192 0 1 0 0 0 _
| 44 27 0 192 0 1 0 0 0 _
| 44 28 0 192 0 1 0 0 0 _
| 44 31 0 192 0 1 8 0 0 _
| 44 32 0 192 0 1 8 0 0 _
| 44 33 0 192 0 1 8 0 0 _
| 44 34 0 192 0 1 8 0 0 _
| 44 35 0 192 0 1 8 0 0 _
| 44 36 0 192 0 1 2 1 1  DOOR
| 44 37 0 192 0 1 6 0 0 _
| 44 38 0 192 0 1 6 0 0 _
| 44 40 0 384 64 0 0 0 1 _
| 44 41 0 384 64 0 0 0 1 _
| 44 42 0 384 64 0 0 0 1 _
| 44 43 0 384 64 0 0 0 1 _
| 44 44 0 384 64 0 0 0 1 _
| 45 16 0 192 0 1 0 0 0 _
| 45 23 0 192 0 1 0 0 0 _
| 45 31 0 192 0 1 0 0 0 _
| 45 32 0 192 0 1 0 0 0 _
| 45 33 0 192 0 1 0 0 0 _
| 45 34 0 192 0 1 0 0 0 _
| 45 35 0 192 0 1 0 0 0 _
| 45 36 0 192 0 1 0 0 0 _
| 45 37 0 192 0 1 6 0 0 _
| 45 38 0 192 0 1 6 0 0 _
| 45 41 0 384 64 0 0 0 1 _
| 45 42 0 384 64 0 0 0 1 _
| 45 43 0 384 64 0 0 0 1 _
| 46 16 0 192 0 1 0 0 0 _
| 46 23 0 192 0 1 0 0 0 _
| 46 31 0 192 0 1 0 0 0 _
| 46 32 0 192 0 1 0 0 0 _
| 46 33 0 192 0 1 0 0 0 _
| 46 34 0 192 0 1 0 0 0 _
| 46 35 0 192 0 1 0 0 0 _
| 46 36 0 192 0 1 0 0 0 _
| 46 37 0 192 0 1 6 0 0 _
| 46 38 0 192 0 1 6 0 0 _
| 46 42 0 384 64 0 0 0 1 _
| 47 15 0 192 0 1 0 0 0 _
| 47 16 0 192 0 1 0 0 0 _
| 47 17 0 192 0 1 0 0 0 _
| 47 23 0 192 0 1 0 0 0 _
| 47 31 0 192 0 1 0 0 0 _
| 47 32 0 192 0 1 0 0 0 _
| 47 33 0 192 0 1 0 0 0 _
| 47 34 0 192 0 1 0 0 0 _
| 47 35 0 192 0 1 0 0 0 _
| 47 36 0 192 0 1 0 0 0 _
| 47 37 0 192 0 1 2 1 1  DOOR
| 47 38 0 192 0 1 6 0 0 _
| 48 15 0 192 0 1 0 0 0 _
| 48 16 0 192 0 1 0 0 0 _
| 48 17 0 192 0 1 0 0 0 _
| 48 23 0 192 0 1 0 0 0 _
| 48 31 0 192 0 1 0 0 0 _
| 48 32 0 192 0 1 0 0 0 _
| 48 33 0 192 0 1 0 0 0 _
| 48 34 0 192 0 1 0 0 0 _
| 48 35 0 192 0 1 0 0 0 _
| 48 36 0 192 0 1 0 0 0 _
| 49 15 0 192 0 1 0 0 0 _
| 49 16 0 192 0 1 0 0 0 _
| 49 17 0 192 0 1 0 0 0 _
| 49 23 0 192 0 1 0 0 0 _
| 49 24 0 192 0 1 0 0 0 _
| 49 25 0 192 0 1 0 0 0 _
| 49 26 0 192 0 1 0 0 0 _
| 49 27 0 192 0 1 0 0 0 _
| 49 28 0 192 0 1 0 0 0 _
| 49 29 0 192 0 1 0 0 0 _
| 49 30 0 192 0 1 0 0 0 _
| 49 31 0 192 0 1 0 0 0 _
| 49 32 0 192 0 1 0 0 0 _
| 49 33 0 192 0 1 0 0 0 _
| 49 34 0 192 0 1 0 0 0 _
| 49 35 0 192 0 1 0 0 0 _
| 49 36 0 192 0 1 0 0 0 _
| 50 24 0 192 0 1 6 0 0 _
| 50 26 0 192 0 1 6 0 0 _
| 50 28 0 192 0 1 6 0 0 _
| 50 31 0 192 0 1 0 0 0 _
| 50 32 0 192 0 1 0 0 0 _
| 50 33 0 192 0 1 0 0 0 _
| 50 34 0 192 0 1 0 0 0 _
| 50 35 0 192 0 1 0 0 0 _
| 50 36 0 192 0 1 0 0 0 _
| 51 31 0 192 0 1 0 0 0 _
| 51 32 0 192 0 1 0 0 0 _
| 51 33 0 192 0 0 1 1 1  enemy
| 51 34 0 192 0 1 0 0 0 _
| 51 35 0 192 0 1 0 0 0 _
| 51 36 0 192 0 1 0 0 0 _
| 52 31 0 192 0 1 0 0 0 _
| 52 32 0 192 0 1 0 0 0 _
| 52 33 0 192 0 1 0 0 0 _
| 52 34 0 192 0 1 0 0 0 _
| 52 35 0 192 0 1 0 0 0 _
| 52 36 0 192 0 1 0 0 0 _
| 53 31 0 192 0 1 0 0 0 _
| 53 32 0 192 0 1 0 0 0 _
| 53 33 0 192 0 1 0 0 0 _
| 53 34 0 192 0 1 0 0 0 _
| 53 35 0 192 0 1 0 0 0 _
| 53 36 0 192 0 1 0 0 0 _
| 54 31 0 192 0 1 0 0 0 _
| 54 32 0 192 0 1 0 0 0 _
| 54 33 0 192 0 1 0 0 0 _
| 54 34 0 192 0 1 0 0 0 _
| 54 35 0 192 0 1 0 0 0 _
| 54 36 0 192 0 1 0 0 0 _
| 