1000 1000
64
1
Resources/Images/Tiles/t12.png
4 1 0 960 448 0 0 1 1 




Test
Cool texture
| 10 3 0 768 320 0 0 0 0 _
| 10 3 0 768 320 0 0 0 0 _
| 10 3 0 768 320 0 0 0 0 _
| 10 4 0 768 320 0 0 0 0 _
| 10 5 0 768 320 0 0 0 0 _
| 10 5 0 768 320 0 0 0 0 _
| 10 6 0 768 320 0 0 0 0 _
| 10 7 0 768 320 0 0 0 0 _
| 10 7 0 768 320 0 0 0 0 _
| 10 8 0 768 320 0 0 0 0 _
| 10 8 0 768 320 0 0 0 0 _
| 10 9 0 768 320 0 0 0 0 _
| 10 10 0 768 320 0 0 0 0 _
| 10 10 0 768 320 0 0 0 0 _
| 11 1 0 448 768 0 0 0 0 _
| 11 1 0 448 768 0 0 0 0 _
| 11 2 0 448 768 0 0 0 0 _
| 11 3 0 448 768 0 0 0 0 _
| 11 3 0 448 768 0 0 0 0 _
| 11 4 0 448 768 0 0 0 0 _
| 11 4 0 448 768 0 0 0 0 _
| 11 4 0 448 768 0 0 0 0 _
| 11 5 0 448 768 0 0 0 0 _
| 11 6 0 448 768 0 0 0 0 _
| 11 6 0 448 768 0 0 0 0 _
| 11 6 0 448 768 0 0 0 0 _
| 11 6 0 448 768 0 0 0 0 _
| 11 6 0 448 768 0 0 0 0 _
| 11 6 0 448 768 0 0 0 0 _
| 11 7 0 448 768 0 0 0 0 _
| 11 7 0 448 768 0 0 0 0 _
| 11 8 0 448 768 0 0 0 0 _
| 11 8 0 448 768 0 0 0 0 _
| 11 9 0 448 768 0 0 0 0 _
| 11 9 0 448 768 0 0 0 0 _
| 11 9 0 448 768 0 0 0 0 _
| 11 10 0 768 320 0 0 0 0 _
| 11 10 0 768 320 0 0 0 0 _
| 11 10 0 768 320 0 0 0 0 _
| 12 1 0 448 768 0 0 0 0 _
| 12 2 0 576 576 0 0 0 0 _
| 12 3 0 576 576 0 0 0 0 _
| 12 4 0 576 576 0 0 0 0 _
| 12 4 0 448 768 0 0 0 0 _
| 12 4 0 448 768 0 0 0 0 _
| 12 5 0 576 576 0 0 0 0 _
| 12 5 0 448 768 0 0 0 0 _
| 12 5 0 448 768 0 0 0 0 _
| 12 5 0 448 768 0 0 0 0 _
| 12 5 0 448 768 0 0 0 0 _
| 12 6 0 576 576 0 0 0 0 _
| 12 7 0 768 320 0 0 0 0 _
| 12 8 0 768 320 0 0 0 0 _
| 12 8 0 768 320 0 0 0 0 _
| 12 8 0 768 320 0 0 0 0 _
| 12 9 0 768 320 0 0 0 0 _
| 12 9 0 768 320 0 0 0 0 _
| 12 10 0 768 320 0 0 0 0 _
| 13 1 0 448 768 0 0 0 0 _
| 13 2 0 960 448 0 0 0 0 _
| 13 2 0 576 576 0 0 0 0 _
| 13 3 0 1216 320 0 0 0 0 _
| 13 4 0 896 256 0 0 0 0 _
| 13 5 0 1088 192 0 0 0 0 _
| 13 6 0 1088 192 0 0 0 0 _
| 13 7 0 1088 192 0 0 0 0 _
| 13 8 0 960 448 0 0 0 0 _
| 13 9 0 960 448 0 0 0 0 _
| 13 10 0 960 448 0 0 0 0 _
| 14 1 0 448 768 0 0 0 0 _
| 14 2 0 960 448 0 0 0 0 _
| 14 3 0 1216 320 0 0 0 0 _
| 14 4 0 896 256 0 0 0 0 _
| 14 5 0 64 832 0 0 0 0 _
| 14 6 0 64 832 0 0 0 0 _
| 14 7 0 1088 192 0 0 0 0 _
| 14 8 0 1088 192 0 0 0 0 _
| 14 9 0 1088 192 0 0 0 0 _
| 14 10 0 960 448 0 0 0 0 _
| 15 1 0 448 768 0 0 0 0 _
| 15 2 0 1216 320 0 0 0 0 _
| 15 3 0 1216 320 0 0 0 0 _
| 15 4 0 896 256 0 0 0 0 _
| 15 5 0 64 832 0 0 0 0 _
| 15 6 0 64 832 0 0 0 0 _
| 15 7 0 64 832 0 0 0 0 _
| 15 8 0 1216 320 0 0 0 0 _
| 15 9 0 1216 320 0 0 0 0 _
| 15 10 0 960 448 0 0 0 0 _
| 16 1 0 448 768 0 0 0 0 _
| 16 2 0 1216 320 0 0 0 0 _
| 16 3 0 896 256 0 0 0 0 _
| 16 4 0 896 256 0 0 0 0 _
| 16 5 0 64 832 0 0 0 0 _
| 16 6 0 64 832 0 0 0 0 _
| 16 6 0 64 832 0 0 0 0 _
| 16 7 0 64 832 0 0 0 0 _
| 16 8 0 1216 64 0 0 0 0 _
| 16 9 0 1216 320 0 0 0 0 _
| 16 10 0 960 448 0 0 0 0 _
| 17 1 0 448 768 0 0 0 0 _
| 17 2 0 1216 320 0 0 0 0 _
| 17 3 0 1216 64 0 0 0 0 _
| 17 4 0 64 832 0 0 0 0 _
| 17 5 0 64 832 0 0 0 0 _
| 17 6 0 64 832 0 0 0 0 _
| 17 7 0 1216 64 0 0 0 0 _
| 17 8 0 1216 64 0 0 0 0 _
| 17 9 0 1216 320 0 0 0 0 _
| 17 9 0 1216 320 0 0 0 0 _
| 17 10 0 960 448 0 0 0 0 _
| 18 1 0 448 768 0 0 0 0 _
| 18 2 0 1216 320 0 0 0 0 _
| 18 3 0 1216 64 0 0 0 0 _
| 18 4 0 1216 64 0 0 0 0 _
| 18 5 0 1216 64 0 0 0 0 _
| 18 6 0 1216 64 0 0 0 0 _
| 18 7 0 1216 64 0 0 0 0 _
| 18 8 0 1216 320 0 0 0 0 _
| 18 9 0 1216 320 0 0 0 0 _
| 18 10 0 960 448 0 0 0 0 _
| 19 1 0 448 768 0 0 0 0 _
| 19 2 0 1216 320 0 0 0 0 _
| 19 3 0 1216 320 0 0 0 0 _
| 19 4 0 1216 64 0 0 0 0 _
| 19 5 0 1216 320 0 0 0 0 _
| 19 6 0 1216 320 0 0 0 0 _
| 19 7 0 1216 320 0 0 0 0 _
| 19 8 0 1216 320 0 0 0 0 _
| 19 9 0 960 448 0 0 0 0 _
| 19 10 0 960 448 0 0 0 0 _
| 20 1 0 448 768 0 0 0 0 _
| 20 2 0 960 448 0 0 0 0 _
| 20 3 0 960 448 0 0 0 0 _
| 20 4 0 1216 320 0 0 0 0 _
| 20 5 0 1216 320 0 0 0 0 _
| 20 6 0 1216 320 0 0 0 0 _
| 20 7 0 1216 320 0 0 0 0 _
| 20 8 0 960 448 0 0 0 0 _
| 20 9 0 960 448 0 0 0 0 _
| 20 10 0 960 448 0 0 0 0 _
| 21 1 0 448 768 0 0 0 0 _
| 21 2 0 960 448 0 0 0 0 _
| 21 3 0 960 448 0 0 0 0 _
| 21 4 0 960 448 0 0 0 0 _
| 21 5 0 960 448 0 0 0 0 _
| 21 6 0 960 448 0 0 0 0 _
| 21 7 0 960 448 0 0 0 0 _
| 21 8 0 960 448 0 0 0 0 _
| 21 9 0 960 448 0 0 0 0 _
| 21 10 0 960 448 0 0 0 0 _
| 