1000 1000
32
1
Resources/Images/Tiles/t1.png
2 2 0 384 224 1 0 0 0 _
| 2 2 0 384 224 1 0 0 0 _
| 2 2 0 384 224 1 0 0 0 _
| 2 3 0 384 224 1 0 0 0 _
| 2 4 0 384 224 1 0 0 0 _
| 2 4 0 384 224 1 0 0 0 _
| 2 4 0 384 224 1 0 0 0 _
| 2 5 0 384 224 1 0 0 0 _
| 3 2 0 384 224 1 0 0 0 _
| 3 2 0 384 224 1 0 0 0 _
| 3 2 0 384 224 1 0 0 0 _
| 3 3 0 0 384 1 0 0 0 _
| 3 4 0 96 384 1 0 0 0 _
| 3 5 0 384 224 1 0 0 0 _
| 3 5 0 384 224 1 0 0 0 _
| 3 5 0 384 224 1 0 0 0 _
| 4 2 0 384 224 1 0 0 0 _
| 4 2 0 384 224 1 0 0 0 _
| 4 3 0 32 384 1 0 0 0 _
| 4 4 0 128 384 1 0 0 0 _
| 4 5 0 384 224 1 0 0 0 _
| 4 5 0 384 224 1 0 0 0 _
| 5 2 0 384 224 1 0 0 0 _
| 5 3 0 384 224 1 0 0 0 _
| 5 3 0 384 224 1 0 0 0 _
| 5 3 0 384 224 1 0 0 0 _
| 5 4 0 384 224 1 0 0 0 _
| 5 4 0 384 224 1 0 0 0 _
| 5 5 0 384 224 1 0 0 0 _
| 5 8 0 672 384 1 0 0 0 _
| 5 8 0 672 384 1 0 0 0 _
| 5 8 0 672 384 1 0 0 0 _
| 5 9 0 672 384 1 0 0 0 _
| 5 10 0 672 384 1 0 0 0 _
| 5 10 0 672 384 1 0 0 0 _
| 5 11 0 672 384 1 0 0 0 _
| 5 11 0 672 384 1 0 0 0 _
| 5 12 0 672 384 1 0 0 0 _
| 5 12 0 672 384 1 0 0 0 _
| 5 13 0 672 384 1 0 0 0 _
| 5 17 0 288 320 1 0 0 0 _
| 6 7 0 224 384 1 3 0 0 _
| 6 7 0 224 384 1 3 0 0 _
| 6 8 0 224 384 1 3 0 0 _
| 6 9 0 224 384 1 3 0 0 _
| 6 9 0 224 384 1 3 0 0 _
| 6 10 0 224 384 1 3 0 0 _
| 6 11 0 224 384 1 3 0 0 _
| 6 11 0 224 384 1 3 0 0 _
| 6 13 0 672 384 1 0 0 0 _
| 6 13 0 672 384 1 0 0 0 _
| 6 17 0 288 320 1 0 0 0 _
| 7 13 0 672 384 1 0 0 0 _
| 7 13 0 672 384 1 0 0 0 _
| 7 17 0 288 320 1 0 0 0 _
| 7 20 0 288 320 1 0 0 0 _
| 8 1 0 192 352 0 0 0 0 _
| 8 5 0 288 320 1 0 0 0 _
| 8 7 0 288 320 1 0 0 0 _
| 8 9 0 288 320 1 0 0 0 _
| 8 10 0 288 320 1 0 0 0 _
| 8 11 0 288 320 1 0 0 0 _
| 8 12 0 288 320 1 0 0 0 _
| 8 13 0 288 320 1 0 0 0 _
| 8 14 0 288 320 1 0 0 0 _
| 8 16 0 288 320 1 0 0 0 _
| 8 17 0 288 320 1 0 0 0 _
| 8 20 0 288 320 1 0 0 0 _
| 9 17 0 288 320 1 0 0 0 _
| 9 17 0 288 320 1 0 0 0 _
| 9 20 0 288 320 1 0 0 0 _
| 10 10 0 0 640 0 0 0 0 _
| 10 20 0 288 320 1 0 0 0 _
| 11 10 0 0 640 0 0 0 0 _
| 11 10 0 0 640 0 0 0 0 _
| 11 18 0 288 320 1 0 0 0 _
| 11 20 0 288 320 1 0 0 0 _
| 11 20 0 288 320 1 0 0 0 _
| 11 22 0 224 320 1 1 0 0 _
| 12 10 0 0 640 0 0 0 0 _
| 12 10 0 0 640 0 0 0 0 _
| 12 10 0 0 640 0 0 0 0 _
| 12 23 0 224 320 1 1 0 0 _
| 13 6 0 32 0 0 0 0 0 _
| 13 6 0 32 0 0 0 0 0 _
| 13 10 0 0 640 0 0 0 0 _
| 13 10 0 0 640 0 0 0 0 _
| 13 18 0 288 320 1 0 0 0 _
| 13 19 0 288 320 1 0 0 0 _
| 13 25 0 224 320 1 0 0 0 _
| 14 5 0 32 0 0 0 0 0 _
| 14 10 0 0 640 0 0 0 0 _
| 14 11 0 0 640 0 0 0 0 _
| 14 11 0 0 640 0 0 0 0 _
| 14 12 0 0 640 0 0 0 0 _
| 14 13 0 0 640 0 0 0 0 _
| 14 13 0 0 640 0 0 0 0 _
| 14 14 0 0 640 0 0 0 0 _
| 14 15 0 0 640 0 0 0 0 _
| 14 15 0 0 640 0 0 0 0 _
| 14 17 0 288 320 1 0 0 0 _
| 14 19 0 288 320 1 0 0 0 _
| 14 27 0 224 320 1 2 0 0 _
| 15 5 0 32 0 0 0 0 0 _
| 15 5 0 32 0 0 0 0 0 _
| 15 6 0 32 0 0 0 0 0 _
| 15 6 0 32 0 0 0 0 0 _
| 15 6 0 32 0 0 0 0 0 _
| 15 6 0 32 0 0 0 0 0 _
| 16 6 0 32 0 0 0 0 0 _
| 16 12 0 0 0 0 0 0 0 _
| 16 14 0 224 320 0 0 0 0 _
| 16 14 0 224 320 0 0 0 0 _
| 16 14 0 224 320 0 0 0 0 _
| 16 14 0 224 320 0 0 0 0 _
| 16 15 0 224 320 0 0 0 0 _
| 16 15 0 224 320 0 0 0 0 _
| 16 16 0 224 320 0 0 0 0 _
| 16 16 0 224 320 0 0 0 0 _
| 16 16 0 224 320 0 0 0 0 _
| 17 6 0 32 0 0 0 0 0 _
| 17 6 0 32 0 0 0 0 0 _
| 17 6 0 32 0 0 0 0 0 _
| 17 12 0 32 0 0 0 0 0 _
| 17 13 0 0 0 0 0 0 0 _
| 17 13 0 0 0 0 0 0 0 _
| 17 13 0 0 0 0 0 0 0 _
| 17 13 0 0 0 0 0 0 0 _
| 17 14 0 224 320 0 0 0 0 _
| 17 14 0 224 320 0 0 0 0 _
| 17 14 0 224 320 0 0 0 0 _
| 17 15 0 0 352 0 0 0 0 _
| 17 15 0 0 352 0 0 0 0 _
| 17 16 0 224 320 0 0 0 0 _
| 17 16 0 224 320 0 0 0 0 _
| 17 16 0 224 320 0 0 0 0 _
| 18 13 0 0 0 0 0 0 0 _
| 18 13 0 0 0 0 0 0 0 _
| 18 13 0 0 0 0 0 0 0 _
| 18 14 0 224 320 0 0 0 0 _
| 18 14 0 224 320 0 0 0 0 _
| 18 15 0 0 352 0 0 0 0 _
| 18 16 0 224 320 0 0 0 0 _
| 18 16 0 224 320 0 0 0 0 _
| 18 16 0 224 320 0 0 0 0 _
| 18 16 0 224 320 0 0 0 0 _
| 18 17 0 224 320 0 0 0 0 _
| 18 18 0 320 0 0 0 0 0 _
| 18 18 0 320 0 0 0 0 0 _
| 18 18 0 320 0 0 0 0 0 _
| 18 18 0 320 0 0 0 0 0 _
| 18 19 0 352 0 0 0 0 0 _
| 18 19 0 352 0 0 0 0 0 _
| 18 20 0 608 256 0 0 0 0 _
| 18 20 0 608 256 0 0 0 0 _
| 18 21 0 704 96 0 0 0 0 _
| 18 25 0 224 320 1 2 0 0 _
| 18 26 0 224 320 1 3 0 0 _
| 19 12 0 32 0 0 0 0 0 _
| 19 12 0 32 0 0 0 0 0 _
| 19 13 0 0 0 0 0 0 0 _
| 19 14 0 224 320 0 0 0 0 _
| 19 15 0 0 352 0 0 0 0 _
| 19 16 0 0 352 0 0 0 0 _
| 19 17 0 224 320 0 0 0 0 _
| 19 17 0 224 320 0 0 0 0 _
| 19 17 0 224 320 0 0 0 0 _
| 19 18 0 320 0 0 0 0 0 _
| 19 18 0 320 0 0 0 0 0 _
| 19 19 0 352 0 0 0 0 0 _
| 19 19 0 352 0 0 0 0 0 _
| 19 20 0 608 256 0 0 0 0 _
| 19 20 0 608 256 0 0 0 0 _
| 19 21 0 704 96 0 0 0 0 _
| 19 21 0 704 96 0 0 0 0 _
| 19 21 0 704 96 0 0 0 0 _
| 19 28 0 224 320 1 3 0 0 _
| 20 12 0 32 0 0 0 0 0 _
| 20 12 0 32 0 0 0 0 0 _
| 20 13 0 0 0 0 0 0 0 _
| 20 13 0 0 0 0 0 0 0 _
| 20 14 0 224 320 0 0 0 0 _
| 20 14 0 224 320 0 0 0 0 _
| 20 14 0 224 320 0 0 0 0 _
| 20 15 0 224 320 0 0 0 0 _
| 20 15 0 224 320 0 0 0 0 _
| 20 16 0 224 320 0 0 0 0 _
| 20 16 0 224 320 0 0 0 0 _
| 20 16 0 224 320 0 0 0 0 _
| 20 16 0 224 320 0 0 0 0 _
| 20 17 0 224 320 0 0 0 0 _
| 20 17 0 224 320 0 0 0 0 _
| 20 17 0 224 320 0 0 0 0 _
| 20 18 0 320 0 0 0 0 0 _
| 20 19 0 352 0 0 0 0 0 _
| 20 19 0 352 0 0 0 0 0 _
| 20 20 0 608 256 0 0 0 0 _
| 20 21 0 704 96 0 0 0 0 _
| 21 12 0 32 0 0 0 0 0 _
| 21 12 0 32 0 0 0 0 0 _
| 21 13 0 0 0 0 0 0 0 _
| 21 13 0 0 0 0 0 0 0 _
| 21 14 0 704 256 0 0 0 0 _
| 21 15 0 704 256 0 0 0 0 _
| 21 16 0 704 256 0 0 0 0 _
| 21 17 0 704 256 0 0 0 0 _
| 21 18 0 320 0 0 0 0 0 _
| 21 19 0 352 0 0 0 0 0 _
| 21 20 0 608 256 0 0 0 0 _
| 21 21 0 704 96 0 0 0 0 _
| 21 21 0 704 96 0 0 0 0 _
| 21 21 0 704 96 0 0 0 0 _
| 21 25 0 224 320 1 3 0 0 _
| 22 11 0 64 448 0 0 0 0 _
| 22 12 0 32 0 0 0 0 0 _
| 22 13 0 0 0 0 0 0 0 _
| 22 13 0 0 0 0 0 0 0 _
| 22 14 0 0 0 0 0 0 0 _
| 22 15 0 0 0 0 0 0 0 _
| 22 15 0 0 0 0 0 0 0 _
| 22 16 0 0 0 0 0 0 0 _
| 22 17 0 0 0 0 0 0 0 _
| 22 17 0 0 0 0 0 0 0 _
| 22 18 0 320 0 0 0 0 0 _
| 22 18 0 320 0 0 0 0 0 _
| 22 19 0 352 0 0 0 0 0 _
| 22 20 0 608 256 0 0 0 0 _
| 22 20 0 608 256 0 0 0 0 _
| 22 21 0 704 96 0 0 0 0 _
| 23 10 0 64 448 0 0 0 0 _
| 23 11 0 64 448 0 0 0 0 _
| 23 12 0 32 0 0 0 0 0 _
| 23 12 0 32 0 0 0 0 0 _
| 23 12 0 32 0 0 0 0 0 _
| 23 12 0 480 416 0 0 0 0 _
| 23 13 0 32 0 0 0 0 0 _
| 23 13 0 480 416 0 0 0 0 _
| 23 14 0 32 0 0 0 0 0 _
| 23 14 0 32 0 0 0 0 0 _
| 23 14 0 480 416 0 0 0 0 _
| 23 15 0 32 0 0 0 0 0 _
| 23 15 0 32 0 0 0 0 0 _
| 23 16 0 32 0 0 0 0 0 _
| 23 16 0 32 0 0 0 0 0 _
| 23 17 0 32 0 0 0 0 0 _
| 23 17 0 32 0 0 0 0 0 _
| 23 18 0 320 0 0 0 0 0 _
| 23 18 0 320 0 0 0 0 0 _
| 23 19 0 352 0 0 0 0 0 _
| 23 19 0 352 0 0 0 0 0 _
| 23 20 0 608 256 0 0 0 0 _
| 23 21 0 704 96 0 0 0 0 _
| 23 21 0 704 96 0 0 0 0 _
| 24 17 0 352 320 0 0 0 0 _
| 24 17 0 352 320 0 0 0 0 _
| 24 18 0 320 0 0 0 0 0 _
| 24 18 0 320 0 0 0 0 0 _
| 24 18 0 320 0 0 0 0 0 _
| 24 19 0 352 0 0 0 0 0 _
| 24 19 0 352 0 0 0 0 0 _
| 24 21 0 704 96 0 0 0 0 _
| 24 21 0 704 96 0 0 0 0 _
| 25 8 0 704 128 0 0 0 0 _
| 25 8 0 704 128 0 0 0 0 _
| 25 11 0 256 160 0 0 0 0 _
| 25 12 0 704 128 0 0 0 0 _
| 25 12 0 704 128 0 0 0 0 _
| 25 13 0 704 128 0 0 0 0 _
| 25 13 0 704 128 0 0 0 0 _
| 25 14 0 704 128 0 0 0 0 _
| 25 14 0 704 128 0 0 0 0 _
| 25 14 0 704 128 0 0 0 0 _
| 25 15 0 704 128 0 0 0 0 _
| 25 15 0 704 128 0 0 0 0 _
| 25 15 0 704 128 0 0 0 0 _
| 25 16 0 704 128 0 0 0 0 _
| 25 16 0 704 128 0 0 0 0 _
| 25 17 0 352 320 0 0 0 0 _
| 25 18 0 320 0 0 0 0 0 _
| 25 18 0 320 0 0 0 0 0 _
| 25 19 0 352 0 0 0 0 0 _
| 25 19 0 352 0 0 0 0 0 _
| 25 20 0 608 256 0 0 0 0 _
| 25 20 0 608 256 0 0 0 0 _
| 25 21 0 704 96 0 0 0 0 _
| 25 21 0 704 96 0 0 0 0 _
| 25 26 0 224 320 1 3 0 0 _
| 25 27 0 224 320 1 3 0 0 _
| 26 9 0 704 128 0 0 0 0 _
| 26 9 0 704 128 0 0 0 0 _
| 26 10 0 704 128 0 0 0 0 _
| 26 10 0 704 128 0 0 0 0 _
| 26 11 0 704 128 0 0 0 0 _
| 26 11 0 704 128 0 0 0 0 _
| 26 12 0 256 160 0 0 0 0 _
| 26 13 0 64 320 0 0 0 0 _
| 26 14 0 64 320 0 0 0 0 _
| 26 15 0 64 320 0 0 0 0 _
| 26 16 0 64 320 0 0 0 0 _
| 26 17 0 352 320 0 0 0 0 _
| 26 17 0 352 320 0 0 0 0 _
| 26 18 0 320 0 0 0 0 0 _
| 26 18 0 320 0 0 0 0 0 _
| 26 19 0 352 0 0 0 0 0 _
| 26 19 0 352 0 0 0 0 0 _
| 26 21 0 704 96 0 0 0 0 _
| 27 5 0 448 352 0 0 0 0 _
| 27 6 0 448 352 0 0 0 0 _
| 27 12 0 256 160 0 0 0 0 _
| 27 13 0 256 160 0 0 0 0 _
| 27 14 0 256 160 0 0 0 0 _
| 27 15 0 256 160 0 0 0 0 _
| 27 17 0 352 320 0 0 0 0 _
| 27 18 0 320 0 0 0 0 0 _
| 27 18 0 320 0 0 0 0 0 _
| 27 19 0 352 0 0 0 0 0 _
| 27 21 0 704 96 0 0 0 0 _
| 28 5 0 448 352 0 0 0 0 _
| 28 6 0 448 352 0 0 0 0 _
| 28 7 0 448 352 0 0 0 0 _
| 28 18 0 320 0 0 0 0 0 _
| 28 19 0 352 0 0 0 0 0 _
| 28 19 0 352 0 0 0 0 0 _
| 28 21 0 704 96 0 0 0 0 _
| 28 23 0 256 160 0 2 0 0 _
| 28 25 0 256 160 0 2 0 0 _
| 29 6 0 448 352 0 0 0 0 _
| 29 7 0 448 352 0 0 0 0 _
| 29 9 0 64 0 0 0 0 0 _
| 29 17 0 352 320 0 0 0 0 _
| 29 17 0 352 320 0 0 0 0 _
| 29 18 0 320 0 0 0 0 0 _
| 29 19 0 352 0 0 0 0 0 _
| 29 21 0 704 96 0 0 0 0 _
| 30 6 0 448 352 0 0 0 0 _
| 30 7 0 448 352 0 0 0 0 _
| 30 9 0 64 0 0 0 0 0 _
| 30 17 0 352 320 0 0 0 0 _
| 30 17 0 352 320 0 0 0 0 _
| 30 18 0 320 0 0 0 0 0 _
| 30 19 0 352 0 0 0 0 0 _
| 30 19 0 352 0 0 0 0 0 _
| 30 21 0 704 96 0 0 0 0 _
| 30 21 0 704 96 0 0 0 0 _
| 30 25 0 256 160 0 3 0 0 _
| 31 7 0 448 352 0 0 0 0 _
| 31 8 0 448 352 0 0 0 0 _
| 31 17 0 352 320 0 0 0 0 _
| 31 27 0 256 160 0 1 0 0 _
| 32 7 0 448 352 0 0 0 0 _
| 32 8 0 448 352 0 0 0 0 _
| 32 9 0 64 0 0 0 0 0 _
| 32 10 0 352 320 0 0 0 0 _
| 32 10 0 352 320 0 0 0 0 _
| 32 11 0 352 320 0 0 0 0 _
| 32 11 0 352 320 0 0 0 0 _
| 32 11 0 352 320 0 0 0 0 _
| 32 12 0 352 320 0 0 0 0 _
| 32 12 0 352 320 0 0 0 0 _
| 32 13 0 352 320 0 0 0 0 _
| 32 14 0 352 320 0 0 0 0 _
| 32 15 0 352 320 0 0 0 0 _
| 32 16 0 352 320 0 0 0 0 _
| 32 16 0 352 320 0 0 0 0 _
| 32 16 0 352 320 0 0 0 0 _
| 32 20 0 384 128 0 0 0 0 _
| 32 20 0 384 128 0 0 0 0 _
| 32 20 0 384 128 0 0 0 0 _
| 32 21 0 704 96 0 0 0 0 _
| 33 8 0 448 352 0 0 0 0 _
| 33 9 0 448 352 0 0 0 0 _
| 33 10 0 64 0 0 0 0 0 _
| 33 10 0 64 0 0 0 0 0 _
| 33 10 0 64 0 0 0 0 0 _
| 33 10 0 64 0 0 0 0 0 _
| 33 10 0 64 0 0 0 0 0 _
| 33 10 0 64 0 0 0 0 0 _
| 33 10 0 64 0 0 0 0 0 _
| 33 11 0 64 0 0 0 0 0 _
| 33 11 0 64 0 0 0 0 0 _
| 33 11 0 64 0 0 0 0 0 _
| 33 12 0 64 0 0 0 0 0 _
| 33 13 0 64 0 0 0 0 0 _
| 33 13 0 64 0 0 0 0 0 _
| 33 14 0 64 0 0 0 0 0 _
| 33 14 0 64 0 0 0 0 0 _
| 33 14 0 64 0 0 0 0 0 _
| 33 20 0 384 128 0 0 0 0 _
| 33 21 0 704 96 0 0 0 0 _
| 34 20 0 384 128 0 0 0 0 _
| 34 21 0 704 96 0 0 0 0 _
| 34 27 0 256 160 0 1 0 0 _
| 35 20 0 384 128 0 0 0 0 _
| 35 21 0 704 96 0 0 0 0 _
| 35 25 0 256 160 0 1 0 0 _
| 36 11 0 576 416 0 0 0 0 _
| 36 12 0 576 416 0 0 0 0 _
| 36 13 0 576 416 0 0 0 0 _
| 36 20 0 384 128 0 0 0 0 _
| 36 20 0 384 128 0 0 0 0 _
| 36 21 0 704 96 0 0 0 0 _
| 37 7 0 192 352 0 0 0 0 _
| 37 8 0 192 352 0 0 0 0 _
| 37 12 0 576 416 0 0 0 0 _
| 37 13 0 576 416 0 0 0 0 _
| 37 20 0 384 128 0 0 0 0 _
| 37 20 0 384 128 0 0 0 0 _
| 37 21 0 704 96 0 0 0 0 _
| 37 21 0 704 96 0 0 0 0 _
| 38 6 0 192 352 0 0 0 0 _
| 38 7 0 192 352 0 0 0 0 _
| 38 20 0 384 128 0 0 0 0 _
| 38 20 0 384 128 0 0 0 0 _
| 38 21 0 704 96 0 0 0 0 _
| 38 27 0 256 160 0 1 0 0 _
| 39 6 0 192 352 0 0 0 0 _
| 39 7 0 192 352 0 0 0 0 _
| 39 11 0 384 128 0 0 0 0 _
| 39 11 0 384 128 0 0 0 0 _
| 39 12 0 384 128 0 0 0 0 _
| 39 12 0 384 128 0 0 0 0 _
| 39 13 0 384 128 0 0 0 0 _
| 39 13 0 384 128 0 0 0 0 _
| 39 14 0 384 128 0 0 0 0 _
| 39 14 0 384 128 0 0 0 0 _
| 39 15 0 384 128 0 0 0 0 _
| 39 15 0 384 128 0 0 0 0 _
| 39 16 0 384 128 0 0 0 0 _
| 39 17 0 384 128 0 0 0 0 _
| 39 17 0 384 128 0 0 0 0 _
| 39 17 0 384 128 0 0 0 0 _
| 39 18 0 384 128 0 0 0 0 _
| 39 19 0 384 128 0 0 0 0 _
| 39 19 0 384 128 0 0 0 0 _
| 39 20 0 384 128 0 0 0 0 _
| 39 20 0 384 128 0 0 0 0 _
| 39 20 0 384 128 0 0 0 0 _
| 39 21 0 704 96 0 0 0 0 _
| 40 17 0 704 96 0 0 0 0 _
| 40 17 0 704 96 0 0 0 0 _
| 40 18 0 704 96 0 0 0 0 _
| 40 19 0 704 96 0 0 0 0 _
| 40 19 0 704 96 0 0 0 0 _
| 40 20 0 704 96 0 0 0 0 _
| 40 21 0 704 96 0 0 0 0 _
| 40 21 0 704 96 0 0 0 0 _
| 40 21 0 704 96 0 0 0 0 _
| 40 21 0 704 96 0 0 0 0 _
| 40 21 0 704 96 0 0 0 0 _
| 